================================================================================
DEBUGGING CYPHER OUTPUT FOR: Which flights have the longest delays?
================================================================================

1. Intent: delay_analysis

2. Entities: {'flight_no': None, 'departure_airport': None, 'arrival_airport': None, 'route': None, 'passenger_class': None, 'generation': None, 'fleet_type': None, 'date': None}

3. Cypher Response:
   - Intent: delay_analysis
   - Count: 20
   - Has error: False

4. Query Used:
MATCH (f:Flight)-[:ARRIVES_AT]->(a:Airport)
        OPTIONAL MATCH (j:Journey)-[:ON]->(f)
        RETURN f, j, a
        ORDER BY j.arrival_delay_minutes DESC
        LIMIT 20

5. Parameters:
{}

6. First 3 Results (raw):

   Result 1:
   {'f': {'flight_number': '757', 'fleet_type_description': 'A320-200'}, 'j': {'passenger_class': 'Economy', 'number_of_legs': 2, 'embedding_minilm': [0.07186882942914963, 0.03561614826321602, -0.005347910802811384, 0.069585882127285, 0.038694191724061966, 0.04922129958868027, -0.03337721526622772, -0.02690417319536209, -0.0310827549546957, -0.0014581982977688313, 0.07162310183048248, 0.03059876337647438, -0.06632488965988159, -0.05466374382376671, -0.006230548955500126, -0.06746787577867508, 0.04303431510925293, -0.11116623133420944, -0.12716291844844818, 0.010352135635912418, 0.08280348777770996, -0.008620631881058216, -0.029578033834695816, 0.1173921450972557, -0.05896764248609543, -0.03188251703977585, 0.06551142781972885, 0.045731108635663986, -0.03479940444231033, -0.08961768448352814, -0.06812657415866852, 0.04365701600909233, 0.026030832901597023, 0.0834600031375885, -0.021533621475100517, 0.031174590811133385, 0.09576979279518127, 0.006306411232799292, -0.012427049688994884, -0.04146430268883705, 0.02911352925002575, -0.04569339007139206, -0.0007550060981884599, 0.08952225744724274, -0.011014694347977638, -0.04652504622936249, -0.007871878333389759, -0.07701030373573303, 0.06629294157028198, -0.03333476185798645, -0.03364087641239166, 0.0253624115139246, -0.04793541878461838, -0.06723909825086594, 0.01845334842801094, 0.040118638426065445, -0.034237828105688095, 0.033737823367118835, -0.09891413152217865, 0.023035813122987747, -0.02559545449912548, -0.0837191641330719, -0.0028366963379085064, -0.009224958717823029, -0.04889877885580063, -0.00707869092002511, -0.05738737806677818, -0.03257220610976219, 0.0021489376667886972, 0.056144166737794876, -0.03646813705563545, -0.02502427063882351, -0.07068198174238205, 0.10717196017503738, -0.010156749747693539, -0.005223094951361418, 0.09809008240699768, -0.003512478433549404, -0.048171333968639374, -0.034882910549640656, 0.01580594666302204, -0.07545951008796692, -0.06518790870904922, 0.04378652200102806, 0.0369967557489872, -0.07268887013196945, 0.03250906988978386, -0.012979405000805855, -0.03966054320335388, -0.037729158997535706, 0.02681582234799862, -0.02786390110850334, 0.03728742524981499, -0.04255183786153793, -0.06329020857810974, 0.017860809341073036, -0.02057816833257675, -0.059450335800647736, 0.011954613029956818, 0.034880273044109344, -0.018008194863796234, 0.07760262489318848, 0.013562287203967571, 0.09424301236867905, -0.03496338054537773, -0.0034830181393772364, 0.04175752028822899, 0.054215893149375916, 0.0014366316609084606, 0.0016518215415999293, -0.0416361540555954, 0.009791255928575993, -0.0019869243260473013, -0.012648493982851505, -0.05004863440990448, 0.060806162655353546, -0.01242302916944027, -0.07664211839437485, 0.024410467594861984, 0.04948132485151291, -0.02646254003047943, 0.03272562474012375, 0.05586196109652519, -0.017534663900732994, -0.03386634960770607, -0.03649618849158287, 0.006733689457178116, -2.4643068162413243e-34, -0.06391548365354538, -0.03874791041016579, -0.0693553164601326, -0.015517384745180607, 0.009331698529422283, 0.011297228746116161, -0.10527624934911728, 0.012823435477912426, -0.007887085899710655, 0.06945806741714478, -0.03737862408161163, -0.02768941968679428, 0.08839684724807739, 0.0218643881380558, 0.08256245404481888, 0.01596839353442192, -0.06973431259393692, 0.040886785835027695, 0.027655933052301407, 0.027863884344697, -0.03363732621073723, -0.06661897897720337, 0.03367532789707184, -0.01951538771390915, 0.055793747305870056, 0.004887172486633062, -0.020890260115265846, -0.038456570357084274, 0.07930981367826462, 0.019456245005130768, -0.020464491099119186, 0.06462965160608292, -0.013971563428640366, -0.09541651606559753, -0.03227083012461662, -0.015229649841785431, 0.06922569125890732, 0.03694087266921997, 0.007968238554894924, -0.046607814729213715, -0.13396212458610535, -0.033161383122205734, -0.01952986977994442, 0.03922687843441963, -0.04503956064581871, 0.01667921058833599, 0.04149584099650383, 0.00792701169848442, -0.013799709267914295, 0.11744845658540726, -0.1172245517373085, -0.02652829885482788, 0.03380175307393074, -0.06685478240251541, -0.05717061460018158, -0.052438169717788696, 0.08519385755062103, 0.029088998213410378, -0.06330057978630066, 0.022491777315735817, 0.03939428925514221, 0.029021477326750755, -0.009105435572564602, -0.00799513142555952, 0.022662019357085228, 0.028832389041781425, -0.0591396689414978, -0.004880786407738924, 0.025952300056815147, -0.025153160095214844, 0.08841617405414581, -0.02452683635056019, 0.02826611138880253, 0.007065817713737488, 0.08870405703783035, -0.01257697120308876, -0.008775253780186176, -0.03803359344601631, 0.015500914305448532, -0.02276955358684063, 0.01695358008146286, -0.04220806807279587, 0.05198986828327179, -0.041814595460891724, -0.03706758841872215, 0.03323976323008537, 0.041876405477523804, -0.07871940732002258, 0.022113682702183723, 0.04971064254641533, -0.11872317641973495, 0.006048152223229408, -0.03499579057097435, 0.060148026794195175, 0.021648844704031944, -1.5126841706716914e-33, 0.05246587470173836, 0.034768205136060715, -0.06290712207555771, 0.07419761270284653, 0.05049160122871399, 0.03043791651725769, -0.019233470782637596, 0.14272592961788177, -0.0539252869784832, 0.06880688667297363, -0.038834214210510254, -0.022002799436450005, 0.02987101301550865, -0.02257923036813736, 0.004128613974899054, -0.04065406322479248, 0.06747859716415405, -0.07027287036180496, 0.0869191586971283, 0.0602385513484478, 0.08185635507106781, 0.016256900504231453, -0.04270784184336662, -0.0448932945728302, -0.02917516604065895, 0.053893692791461945, -0.032094039022922516, 0.040292274206876755, -0.13380709290504456, -0.02984626404941082, 0.012143163941800594, 0.054860882461071014, 0.06141214072704315, -0.020976323634386063, -0.06762852519750595, 0.1433892399072647, -0.01941862888634205, 0.019496839493513107, -0.03608390688896179, 0.05836530029773712, 0.05041510611772537, -0.049674469977617264, 0.02983137220144272, -0.01502448134124279, 0.04223204776644707, -0.01046839077025652, 0.03162667155265808, -0.06298201531171799, 0.005401724483817816, 0.050172995775938034, 0.03147079050540924, 0.011776681058108807, -0.02365013398230076, 0.10078448802232742, 0.07494811713695526, -0.03404133766889572, -0.010104083456099033, -0.07319383323192596, -0.05731039494276047, 0.03977951779961586, -0.028417866677045822, -0.022961756214499474, 0.023228324949741364, 0.023321015760302544, 0.07582880556583405, -0.030569233000278473, 0.07826907187700272, 0.008092546835541725, 0.0527196079492569, 3.21377556247171e-05, -0.014979410916566849, 0.03435233235359192, -0.023761235177516937, 0.0857304111123085, -0.046738963574171066, 0.030653808265924454, -0.02345392480492592, 0.11769906431436539, 0.046276260167360306, 0.07374686747789383, 0.02791677601635456, -0.07624392211437225, -0.0017511486075818539, -0.042548853904008865, -0.03678979352116585, 0.019351884722709656, 0.03424655646085739, 0.033765945583581924, 0.012033446691930294, 0.03432868793606758, 0.056370656937360764, 0.06862334907054901, 0.04596662521362305, -0.007782444357872009, -0.046021293848752975, -3.674128379316244e-08, 0.04032273218035698, -0.0250407662242651, 0.04838540405035019, 0.0043205805122852325, 0.02156185172498226, -0.0225824061781168, -0.02422095462679863, 5.471760232467204e-05, -0.029987728223204613, 0.08638720959424973, -0.028530051931738853, 0.029409416019916534, -0.004467890597879887, 0.059138160198926926, -0.027682166546583176, 0.0016724445158615708, -0.047093313187360764, 0.03683054447174072, -0.03687650337815285, 0.030199259519577026, 0.01555269118398428, 0.01872766949236393, -0.04267917945981026, -0.05664040148258209, -0.03155657276511192, -0.04386721923947334, -0.012891478836536407, 0.0032889009453356266, 0.061448805034160614, -0.0912858322262764, -0.12765192985534668, 0.12567903101444244, -0.09053635597229004, -0.07087589800357819, -0.027492886409163475, -0.014395919628441334, 0.007399355061352253, 0.025494802743196487, -0.025943446904420853, 0.06312467902898788, -0.07240612804889679, -0.09939282387495041, -0.08463875204324722, -0.03199515864253044, 0.14908044040203094, 0.00546675268560648, -0.051502570509910583, -0.042921826243400574, -0.012201085686683655, 0.015473449602723122, 0.005479715298861265, 0.02716550976037979, -0.04941500723361969, 0.010930453427135944, -0.022434918209910393, -0.03934672847390175, -0.0584319643676281, -0.021477466449141502, -0.029878057539463043, -0.011020819656550884, 0.012465713545680046, -0.029544124379754066, -0.12175599485635757, 0.01937100850045681], 'embedding_mpnet': [-0.0033932989463210106, 0.026314834132790565, 0.013121220283210278, 0.05046442523598671, -0.030200684443116188, -0.0014816269977018237, -0.06469227373600006, -0.009345625527203083, -0.06966321915388107, -0.004787177313119173, 0.043944500386714935, -0.008354728110134602, -0.003137296997010708, 0.03803239017724991, -0.006695587653666735, -0.023714082315564156, 0.04657531529664993, -0.017051151022315025, -0.057171810418367386, 0.00018665347306523472, -0.06881672143936157, 0.007232636213302612, -0.01872233673930168, 0.0053332154639065266, 0.03660259768366814, -0.01167184766381979, -0.02292444370687008, -0.009316205978393555, 0.0038229883648455143, 0.005900593474507332, 0.09421406686306, 0.016987275332212448, 0.0028204252012073994, -0.007573950104415417, 1.8437864355291822e-06, -0.019294191151857376, -0.004340577870607376, 0.02848186530172825, -0.02678005024790764, 0.0292422603815794, 0.04119138419628143, 0.08685824275016785, 0.04562870413064957, 0.007759575732052326, 0.005646060220897198, 0.03640199825167656, -0.028355596587061882, 0.08712002635002136, -0.006676542107015848, 0.02661074325442314, -0.004503954667598009, -0.05317580699920654, -0.13596980273723602, -0.017636772245168686, 0.0030427759047597647, -0.033365778625011444, -0.027925029397010803, -0.04729924350976944, 0.017226586118340492, 0.008983437903225422, -0.020304622128605843, -0.029960958287119865, 0.007565187755972147, -0.009857346303761005, -0.005548114888370037, -0.020948344841599464, -0.050722695887088776, -0.009637150913476944, 0.01022507343441248, -0.0024854030925780535, 0.07486897706985474, -0.0016821292228996754, -0.006550140213221312, 0.058749351650476456, 0.014171178452670574, -0.12066556513309479, 0.044984057545661926, -0.07350404560565948, 0.019371839240193367, 0.038555748760700226, 0.007114260923117399, 0.10477575659751892, -0.0050787837244570255, 0.03344419598579407, 0.03220493346452713, -0.022982092574238777, -0.01435582060366869, -0.033058129251003265, -0.039807289838790894, -0.0021249945275485516, -0.0023697742726653814, 0.003966694697737694, -0.009461208246648312, 0.011403459124267101, -0.013325357809662819, -0.04322056099772453, 0.0353655181825161, 0.005593337118625641, 0.055509090423583984, -0.07602927088737488, -0.03928619623184204, 0.017928481101989746, 0.020384222269058228, -0.02015376091003418, -0.03878628462553024, -0.00423631863668561, 0.014190592803061008, -0.058401476591825485, -0.037098582834005356, 0.01308333408087492, 0.011980029754340649, -0.011078114621341228, -0.07389704883098602, 0.019168347120285034, 0.018600312992930412, -0.003476305166259408, -0.033410169184207916, -0.05252361670136452, -0.006079670507460833, 0.0421517975628376, 0.030072113499045372, 0.025072017684578896, -0.0006326372385956347, 0.017127547413110733, -0.06480256468057632, -0.015695776790380478, -0.03939560055732727, -0.012612803839147091, 0.01739477925002575, 0.07446993142366409, 0.011602620594203472, -0.013245909474790096, 0.0030631101690232754, 0.03109009563922882, -0.0365477129817009, 0.07029582560062408, -0.013176367618143559, 0.02570677176117897, -0.008581006899476051, -0.02514694072306156, -0.0007056150934658945, -0.05600123479962349, -0.0570671446621418, -0.008403330110013485, -0.04111910238862038, 0.03796074166893959, -0.007029743865132332, 0.013013712130486965, -0.02480783686041832, -0.00901406817138195, 0.021156974136829376, -0.038149379193782806, 0.006232056766748428, 0.0041427575051784515, 0.009746987372636795, 0.07434849441051483, 0.04298166558146477, -0.01206012163311243, 0.007012672256678343, -0.043077558279037476, 0.037121228873729706, -0.047417785972356796, 0.020082535222172737, -0.0024599386379122734, 0.018363403156399727, -0.003944591153413057, 0.019232679158449173, -0.006892914418131113, -0.05962700396776199, 0.0003144491638522595, 0.015271986834704876, 0.005054494831711054, -0.001457668375223875, 0.02168433368206024, -0.006942932493984699, -0.05262807011604309, 0.00910678319633007, -0.03994329273700714, -0.03102925233542919, -0.03841773793101311, -0.003899090224877, -0.07342176884412766, -0.0038145536091178656, -0.0008480559918098152, 0.10842195898294449, 0.038854580372571945, 0.09460251033306122, 0.05619560182094574, 0.053566910326480865, -0.04188058525323868, -0.011438180692493916, -0.00688632857054472, 0.007328393869102001, 0.0012061110464856029, -0.006181187927722931, -0.021720778197050095, -0.025639556348323822, -0.013521348126232624, 0.014369260519742966, -0.018743349239230156, -0.05771012231707573, -0.022823205217719078, 0.03338303416967392, 0.054098278284072876, -0.01682637631893158, 0.05043799802660942, 0.020341193303465843, -0.021423378959298134, -0.041453465819358826, -0.010430761612951756, 0.08018755912780762, 0.0030773496255278587, 0.01838512532413006, 0.012393138371407986, -0.010922585614025593, 0.02177056111395359, 0.03837781026959419, -0.03517543151974678, -0.025610024109482765, 0.052479468286037445, 0.01836855337023735, -0.04078499600291252, -0.06005548685789108, -0.012054210528731346, 0.023152092471718788, -0.003006257815286517, 0.016880875453352928, 0.036214154213666916, 0.024934396147727966, 0.014537028968334198, 0.01816646009683609, 0.0055518001317977905, -0.04830541834235191, -0.023215260356664658, 0.008186260238289833, 0.02407630905508995, -0.009176312945783138, 0.06488243490457535, -0.020429223775863647, 0.011925510130822659, -0.04652192071080208, 0.06049691513180733, 0.05130862444639206, -0.021577641367912292, -0.0009796087397262454, 0.057323966175317764, 0.009321789257228374, 0.008505234494805336, 0.04833613708615303, 0.008443495258688927, 0.04144289344549179, -0.019707098603248596, -0.007921269163489342, -0.00018088746583089232, 0.012533497996628284, -0.07032841444015503, -0.012441965751349926, 0.07723675668239594, -0.02292541228234768, -0.027201533317565918, 0.057714901864528656, -0.03603673353791237, 0.005155063234269619, -0.011251143179833889, 0.014552117325365543, -0.05013318732380867, 0.0511898510158062, 0.0028686216101050377, -0.010171249508857727, -0.018215015530586243, 0.023896392434835434, 0.004320508800446987, -0.008180411532521248, 0.017462940886616707, -0.0374474823474884, -0.004617470782250166, 0.054399389773607254, 0.012330842204391956, -0.039204880595207214, 0.036163706332445145, 0.007300242781639099, -0.08220969140529633, -0.054240401834249496, 0.025006482377648354, -0.009308254346251488, -0.013874751515686512, 0.004927890375256538, -0.006124106235802174, 0.006232837680727243, 0.04194139689207077, -0.04586300998926163, -0.026689061895012856, 0.014277747832238674, -0.08851317316293716, -0.009905058890581131, -0.0060177757404744625, -0.04366037994623184, 0.005537171382457018, 0.043885983526706696, 0.020350228995084763, -0.004042567685246468, -0.019235359504818916, -0.0007308089989237487, -0.025788448750972748, -0.09609835594892502, 0.05348839610815048, 0.025849396362900734, -0.0031987144611775875, -0.05591418594121933, 0.057784099131822586, 0.002562380861490965, 0.019424740225076675, -0.047882288694381714, 0.013666395097970963, 0.021176008507609367, 0.015729781240224838, 0.00013581616804003716, 0.047772545367479324, 0.008599354885518551, 0.0733647570014, 0.07118454575538635, 0.008236263878643513, -0.01227047573775053, -0.03089011274278164, 0.03906095772981644, -0.019210752099752426, -0.03367308899760246, 0.016941973939538002, -0.007793310564011335, -0.029486488550901413, 0.025581061840057373, -0.03826264292001724, 0.009953790344297886, 0.058871518820524216, -0.0011361163342371583, 0.028570177033543587, -0.001379809807986021, -0.026044582948088646, 0.059480857104063034, -0.009310913272202015, -0.05046868324279785, -0.03761143237352371, 0.019901227205991745, 0.017352763563394547, -0.005468353163450956, -0.00035880308132618666, -0.03432440385222435, -0.00781399104744196, -0.05651630461215973, -0.002260345732793212, -0.05554491654038429, 0.02245647832751274, -0.017527975142002106, -0.02213291823863983, -0.03193435072898865, -0.03556719049811363, -0.01727263443171978, 0.06894189864397049, 0.03610512241721153, -0.0004894114681519568, 0.02414049580693245, 0.0014468961162492633, -0.06255613267421722, 0.049321141093969345, 0.07267706841230392, 0.022458111867308617, -0.01582915149629116, -0.027282753959298134, 0.005186702590435743, 0.01631230302155018, -0.014897787943482399, -0.020662153139710426, -0.04419165849685669, 0.04003569483757019, -0.006458039861172438, -0.023095138370990753, 0.02916770614683628, -0.002060099272057414, 0.009295021183788776, 0.001511952723376453, -0.015090947039425373, -0.01491086371243, 0.041725512593984604, 0.0023195284884423018, 0.0018247325206175447, -0.030805695801973343, 0.007033999543637037, 0.03975334390997887, 0.05811089649796486, -0.02722139284014702, -0.012253053486347198, -0.07204362004995346, -0.05657670646905899, 0.013004977256059647, -0.01481672190129757, 0.0020636178087443113, 0.06685447692871094, 0.02252347581088543, 0.013290430419147015, 0.04076779633760452, 0.004880886524915695, -0.03477204963564873, -0.04728531464934349, 0.024504344910383224, 0.004860554356127977, -0.002615716541185975, -0.044609010219573975, -0.012088785879313946, -0.005643372889608145, 0.020251255482435226, 0.020155269652605057, -0.013456356711685658, -0.010317785665392876, -0.002931677270680666, 0.02896399050951004, -0.04777131229639053, -0.027874700725078583, -0.006524828728288412, 0.036939289420843124, -0.0344616137444973, 0.03835022449493408, 0.01822415366768837, -0.027244998142123222, -0.0022934074513614178, 0.00619905162602663, -0.0231629591435194, 0.006195611786097288, 0.022750988602638245, 0.018905198201537132, -0.02417401410639286, -0.005710808094590902, -0.06746632605791092, -0.0002813210303429514, -0.06677285581827164, -0.07049158960580826, 0.013371152803301811, 0.09984523802995682, 0.02221064828336239, -0.02009270153939724, 0.046506136655807495, -0.028969161212444305, -0.016852444037795067, 0.05742264911532402, -0.04199374094605446, 0.03323928639292717, -0.12264205515384674, 0.03106117993593216, 0.03414740040898323, 0.004359554965049028, 0.012149524874985218, 0.03648277372121811, -0.10845041275024414, 0.039534199982881546, -0.01968078874051571, 0.0823182687163353, -0.043795254081487656, -0.05363642796874046, -0.047634754329919815, 0.009010919369757175, 0.038061659783124924, 0.01967048831284046, 0.041156381368637085, -0.01712416298687458, 0.011299839243292809, 0.04656955227255821, -0.025784896686673164, -0.01810504123568535, 0.025270644575357437, 0.048583414405584335, -0.016355285421013832, -0.005941672250628471, -0.02851443737745285, -0.0032197311520576477, 0.02174604870378971, -0.01418756227940321, -0.01266451459378004, -0.034754689782857895, 0.0037623841781169176, -0.01898682303726673, -0.026373758912086487, 0.02820548601448536, -0.00265105371363461, -0.007256039418280125, -0.0625072568655014, -0.0027646322268992662, 0.0018435021629557014, -0.034492164850234985, 0.008014090359210968, 0.05239252746105194, -0.051352888345718384, -0.015205501578748226, 0.034758035093545914, -0.008510872721672058, -0.03593326359987259, 0.0074432105757296085, -0.07653837651014328, -0.003523296909406781, 0.04562167450785637, 0.05770639702677727, -0.11946772783994675, 0.03365762531757355, 0.04920386150479317, -0.0014465900603681803, -0.07699935138225555, 0.02306489832699299, -0.01731112226843834, -0.015071912668645382, 0.04375501349568367, 0.03813372552394867, 0.0832398533821106, -0.012524130754172802, 0.0018788843881338835, 0.06310416758060455, 0.08060018718242645, 0.010239474475383759, -0.02571484073996544, -0.059329163283109665, -0.048925839364528656, -0.022439535707235336, 0.0018858544062823057, 0.001354352803900838, 0.021812679246068, -0.011416614055633545, -0.012803408317267895, 0.04268636181950569, 0.06652868539094925, -0.0310630165040493, -0.01264970377087593, 0.05679246783256531, 0.07475496828556061, -0.03011678159236908, -0.026267217472195625, 0.0339105986058712, 0.02955750562250614, -0.040463753044605255, 0.10448446124792099, 0.08329039812088013, -0.02664146013557911, 0.005712885409593582, -0.027310213074088097, -0.0067333499900996685, -0.018111102283000946, -0.01189508754760027, 0.02540084905922413, 0.005044328980147839, -0.0147998733446002, -0.0031401615124195814, 0.028643112629652023, 0.04786016792058945, 0.011717161163687706, 0.020637352019548416, -0.0726381465792656, -0.057203684002161026, 0.018079329282045364, 0.030160868540406227, -5.6774580842411636e-33, -0.03312535956501961, -0.07409532368183136, 0.0007643255521543324, 0.07529783248901367, -0.03988705202937126, 0.011894910596311092, -0.005793110001832247, 0.017973287031054497, -0.042762186378240585, -0.019671892747282982, 0.05016319826245308, -0.03238813579082489, 0.0021479965653270483, -0.0029780222102999687, 0.03726385533809662, -0.030112870037555695, -0.013005335815250874, 0.0219692625105381, -0.04216395691037178, -0.019978109747171402, 0.012043931521475315, -0.03761054575443268, -0.028926879167556763, -0.0038534430786967278, -0.0011714029824361205, -0.08464591205120087, -0.05865580216050148, -0.0029771854169666767, 0.02235066145658493, 0.011187005788087845, -0.021010983735322952, 0.008515855297446251, -0.01798715442419052, 0.006247446406632662, 0.03499998524785042, -0.03921572118997574, 0.015875384211540222, -0.04169932380318642, 0.02391122654080391, 0.052282486110925674, 0.050035979598760605, -0.04088198021054268, 0.007136905565857887, 0.01777716912329197, 0.013458714820444584, -0.025555530562996864, -0.00540110282599926, -0.015844060108065605, -0.0072825001552701, -0.005228170659393072, -0.05445880815386772, -0.010108515620231628, -0.0250583253800869, -0.02786128968000412, 0.011876926757395267, 0.04864409193396568, -0.017997661605477333, 0.01191794965416193, 0.03454839810729027, 0.006782472133636475, 0.020256852731108665, 0.004010278265923262, -0.018740328028798103, -0.028315305709838867, 0.013579324819147587, -0.04128182306885719, 0.013778301887214184, -0.004587178584188223, -0.037330154329538345, 0.010373814031481743, 0.0613299198448658, -0.02042408473789692, -0.012153535149991512, 0.009930727072060108, -0.05627169832587242, -0.021990088745951653, -0.019488705322146416, -0.006018567364662886, 0.06141992285847664, -0.014354325830936432, -0.01236365083605051, 0.007150138728320599, -0.029282132163643837, 0.008081197738647461, -0.016562165692448616, -0.010947025381028652, 0.019230511039495468, -0.009816519916057587, 0.009485813789069653, 0.01749364286661148, 0.05042791739106178, 0.04095540568232536, 0.0330568291246891, 0.047617748379707336, -0.011993440799415112, -0.04506732523441315, 0.015550214797258377, -0.013480567373335361, -0.020617175847291946, 0.003554578870534897, -0.012140456587076187, 0.06606148183345795, -0.05263740196824074, -0.0003726639843080193, 0.011883057653903961, -0.0030618535820394754, -0.006889583542943001, -0.009730454534292221, -0.017383761703968048, 0.04141366481781006, 0.05184226483106613, -0.03598163649439812, 0.06401070207357407, -0.018429851159453392, -0.03929378464818001, -0.01071571558713913, 0.022918907925486565, 0.055729541927576065, -0.022838212549686432, 0.006481530610471964, 0.004805237054824829, 0.022174973040819168, 0.024191677570343018, 0.00861879251897335, -0.015801040455698967, -0.026813091710209846, -0.023800086230039597, 0.0259072408080101, -0.031216304749250412, -0.03355593979358673, 0.041978269815444946, -0.027904648333787918, 2.4788619157334324e-07, -0.02697916142642498, 0.02390974760055542, -0.015640119090676308, -0.029213102534413338, 0.049763862043619156, 0.0040721166878938675, -0.012018073350191116, -0.023917384445667267, -0.028903821483254433, 0.0816856101155281, 0.049339111894369125, -0.037032727152109146, -0.04245510697364807, 0.023817477747797966, 0.03671819344162941, -0.013839702121913433, -0.004718308337032795, -0.059602055698633194, 0.005661703180521727, 0.01891760155558586, 0.08003439754247665, 0.07132864743471146, -0.036305781453847885, -0.008735883980989456, 0.003837405936792493, -0.034173060208559036, -0.009709740057587624, -0.0789446160197258, -0.07142772525548935, -0.013353484682738781, 0.035095036029815674, 0.059397611767053604, 0.04221770539879799, -0.056688208132982254, 0.009344015270471573, -0.0318482369184494, 0.05411664769053459, 0.00854587834328413, 0.03640761971473694, 0.013861783780157566, -0.026787225157022476, -0.053060151636600494, 0.0500854067504406, -0.057134319096803665, 0.03426939621567726, -0.023429010063409805, -0.053965650498867035, 0.029373379424214363, -0.03703812509775162, 0.02004954405128956, 0.03843151405453682, 0.03290044516324997, -0.01825457066297531, 0.015341914258897305, -0.0276712104678154, 0.043244846165180206, 0.034520868211984634, -0.01920240744948387, 0.005524173844605684, 0.05635163187980652, -0.012327557429671288, -0.008066133596003056, 0.0088548818603158, 0.009873919188976288, 0.07298461347818375, 0.03590722009539604, -0.0242365263402462, 1.8416135942715504e-34, 0.04125392809510231, -0.035098861902952194, 0.018434247002005577, -0.008069828152656555, -0.004715179093182087, -0.048304468393325806, 0.0022179342340677977, -0.013713838532567024, 0.037080734968185425, -0.00850076787173748, -0.03284227102994919], 'feedback_ID': 'F_2605', 'arrival_delay_minutes': 880, 'actual_flown_miles': 406, 'food_satisfaction_score': 2}, 'a': {'station_code': 'JAX'}}

   Result 2:
   {'f': {'flight_number': '2', 'fleet_type_description': 'B787-9'}, 'j': {'passenger_class': 'Economy', 'number_of_legs': 3, 'embedding_minilm': [0.04698504880070686, 0.012871341779828072, -0.03486568480730057, 0.05463432893157005, 0.04716859757900238, 0.02652815729379654, -0.05649527162313461, -0.03247819095849991, -0.04564003646373749, 0.023750439286231995, 0.04211783781647682, 0.05274556204676628, -0.08498319983482361, -0.049997180700302124, 0.004016375634819269, -0.04114193096756935, 0.03202269971370697, -0.11696826666593552, -0.13348014652729034, -0.02829754538834095, 0.09695513546466827, -0.0199238620698452, 0.017338234931230545, 0.1012280285358429, -0.054355647414922714, -0.02459859475493431, 0.061218664050102234, 0.023180754855275154, -0.027714885771274567, -0.10213848203420639, -0.07171408832073212, 0.0440235435962677, 0.00048431017785333097, 0.0739845260977745, -0.028929343447089195, 0.04752171039581299, 0.08336584270000458, -0.03063104674220085, 0.011109785176813602, -0.033687423914670944, 0.03609208017587662, -0.040375854820013046, 0.024351174011826515, 0.07087701559066772, 0.021418726071715355, -0.05300907418131828, -0.0197732113301754, -0.0575496107339859, 0.09209880977869034, -0.004190271254628897, -0.031128203496336937, 0.014219078235328197, -0.04127119109034538, -0.05397915840148926, 0.015289315022528172, 0.04703538864850998, -0.011286728084087372, 0.0224175862967968, -0.09749908745288849, 0.009942462667822838, -0.03573472425341606, -0.047238484025001526, 0.03141321241855621, -0.01179323811084032, -0.07448159158229828, -0.015171874314546585, -0.06832696497440338, -0.02301429957151413, -0.007008436135947704, 0.03341076895594597, -0.044844795018434525, -0.03464618697762489, -0.0821557492017746, 0.09555374830961227, -0.012252087704837322, 0.009802973829209805, 0.09944631159305573, -0.014893426559865475, -0.04575922712683678, -0.021402431651949883, 0.041613586246967316, -0.0420369915664196, -0.011427785269916058, -0.004144183360040188, 0.06407006084918976, -0.07982303202152252, 0.03743966296315193, -0.007455884478986263, -0.060980819165706635, -0.03728792071342468, 0.009414244443178177, -0.04452270641922951, 0.03103536181151867, -0.039785806089639664, -0.06621042639017105, 0.0347793772816658, -0.02733764424920082, -0.03680849075317383, 0.035382747650146484, 0.021686304360628128, -0.004518530797213316, 0.05438122898340225, 0.010183244943618774, 0.09185320883989334, -0.06798787415027618, -0.010615183971822262, 0.05578787624835968, 0.07906787097454071, 0.006222908850759268, -0.013512438163161278, -0.057252123951911926, -0.024384206160902977, -0.020833930000662804, -0.008503117598593235, -0.07960645854473114, 0.060327257961034775, -0.0029898120556026697, -0.07371852546930313, 0.0458536371588707, -0.003994324244558811, -0.010637696832418442, 0.03447079285979271, 0.0736030638217926, 0.004821708891540766, -0.054150186479091644, -0.048626240342855453, 0.04151105508208275, -3.3225287558947603e-35, -0.09606557339429855, -0.028893211856484413, -0.06590880453586578, 0.01228377129882574, -0.04273460805416107, 0.023316072300076485, -0.07186036556959152, 0.025952065363526344, -0.024970291182398796, 0.07177715748548508, -0.04888567328453064, -0.013164249248802662, 0.10042110830545425, 0.030411094427108765, 0.08833346515893936, 0.026978081092238426, -0.07786784321069717, 0.024123981595039368, 0.04083450883626938, 0.04300298914313316, 0.02685939148068428, -0.09429819881916046, 0.05001557990908623, -0.02193855307996273, 0.07347166538238525, 0.027090860530734062, 0.0056449901312589645, -0.01677468791604042, 0.08333294838666916, 0.03298782557249069, 0.008313138037919998, 0.045626383274793625, -0.040394823998212814, -0.07437845319509506, -0.03783492371439934, -0.017395514994859695, 0.04079275578260422, 0.017165493220090866, 0.0008436442003585398, -0.029553445056080818, -0.10101736336946487, -0.026482557877898216, -0.0339847095310688, 0.04392094165086746, -0.05612242966890335, 0.05479847267270088, 0.029117096215486526, 0.04137290269136429, -0.02273067831993103, 0.09524153172969818, -0.14112521708011627, -0.018452199175953865, 0.012998609803617, -0.07491738349199295, -0.012656986713409424, -0.04060760885477066, 0.06528698652982712, 0.06322230398654938, -0.04784700646996498, 0.013456383720040321, 0.019636619836091995, 0.001075745327398181, -0.018535690382122993, 0.0021103511098772287, 0.001242194790393114, 0.07035741209983826, -0.06242872402071953, -0.016422145068645477, 0.05031944438815117, -0.0504014752805233, 0.09150771796703339, -0.03862592950463295, 0.04670124873518944, 0.000663647660985589, 0.07928880304098129, -0.04043380543589592, -0.01637265644967556, -0.013827485032379627, 0.015016226097941399, 0.018871188163757324, -0.0019631062168627977, -0.0017125536687672138, 0.05134417861700058, -0.036391619592905045, -0.026188287883996964, 0.010508636012673378, 0.042470742017030716, -0.06534384191036224, 0.029293769970536232, 0.06546999514102936, -0.10978008061647415, 0.011000330559909344, -0.005550368223339319, 0.041852325201034546, -0.011148432269692421, -1.8670918603537725e-33, 0.10952039062976837, 0.04246395081281662, -0.0719771757721901, 0.06698983162641525, 0.029990676790475845, 0.010846869088709354, -0.04822321608662605, 0.15557587146759033, -0.06668177247047424, 0.057173952460289, -0.020569942891597748, -0.026763012632727623, 0.05342210829257965, -0.011982324533164501, 0.016550257802009583, -0.027341526001691818, 0.04923601448535919, -0.07460533082485199, 0.06596628576517105, 0.03466581553220749, 0.0913400799036026, -0.026544461026787758, -0.029154255986213684, -0.04355473443865776, -0.026816517114639282, 0.05045441538095474, -0.04431485757231712, 0.02014780603349209, -0.10766633599996567, -0.0007131944876164198, -0.0036625766661018133, 0.024665432050824165, 0.05182221159338951, 0.01105375774204731, -0.09894219785928726, 0.11803483217954636, -0.001157892751507461, 0.04673728346824646, -0.019650517031550407, 0.07101744413375854, 0.030444636940956116, -0.07091157883405685, -0.013325142674148083, -0.03879234194755554, 0.030080923810601234, -0.02444426715373993, -0.008234516717493534, -0.017899878323078156, -0.0025851523969322443, 0.033344704657793045, 0.02356540597975254, 0.009515042416751385, -0.038514427840709686, 0.053055647760629654, 0.06780486553907394, -0.015970205888152122, -0.010891973040997982, -0.06458873301744461, -0.07049332559108734, -0.0010708603076636791, -0.03953077271580696, -0.004787220619618893, 0.05263674259185791, 0.04296489804983139, 0.06269308179616928, -0.04015519842505455, 0.09221065044403076, -0.02716592513024807, 0.043395597487688065, 0.011882814578711987, -0.032379090785980225, 0.022150995209813118, -0.04863462224602699, 0.11923513561487198, -0.0248514786362648, 0.023422058671712875, 0.004388816189020872, 0.08611438423395157, 0.06126364693045616, 0.058878473937511444, -0.011060475371778011, -0.08495593816041946, -0.00693428935483098, -0.011370624415576458, -0.029848624020814896, 0.012482735328376293, 0.04907619208097458, 0.03932947292923927, 0.025859292596578598, 0.006671399809420109, 0.07483085989952087, 0.06898587942123413, 0.018861904740333557, -0.04445819929242134, -0.013571813702583313, -3.6575137585259654e-08, 0.04503714293241501, -0.0011125562014058232, 0.03248291462659836, 0.03893895447254181, -0.020559078082442284, -0.032414790242910385, 0.002127517946064472, 0.016833193600177765, -0.0006326083675958216, 0.07596281170845032, 0.0032484361436218023, 0.013759122230112553, 0.020307879894971848, 0.0359424352645874, -0.03131965175271034, -0.030037641525268555, -0.08046155422925949, 0.07278843224048615, -0.018848685547709465, -0.002905200934037566, 0.004018391482532024, 0.0012596709420904517, -0.015569619834423065, -0.051913488656282425, -0.012299683876335621, -0.02171359211206436, -0.03167596459388733, -0.03242037817835808, 0.05795867741107941, -0.06825224310159683, -0.11680454760789871, 0.11747393757104874, -0.09937090426683426, -0.052080195397138596, -0.006602517794817686, -0.04275017976760864, 0.012056702747941017, 0.017561931163072586, -0.024470511823892593, 0.07394222170114517, -0.04955073446035385, -0.07253965735435486, -0.09127012640237808, -0.024729421362280846, 0.16979101300239563, -0.024340035393834114, -0.06986268609762192, -0.06852350383996964, -0.02871229127049446, 0.05796313285827637, -0.003620774019509554, 0.05569496378302574, -0.06498238444328308, 0.023050373420119286, 0.008687545545399189, -0.02647421509027481, -0.055433571338653564, -0.05758410692214966, -0.005195165053009987, 0.033989451825618744, 0.01451459527015686, -0.07482411712408066, -0.13278183341026306, 0.019053610041737556], 'embedding_mpnet': [0.0002931652998086065, 0.04060259461402893, 0.010179807431995869, 0.05594244226813316, -0.035903118550777435, -0.0019802956376224756, -0.05874501168727875, -0.009725367650389671, -0.0679771825671196, -0.0029413411393761635, 0.036577966064214706, -0.0026280826423317194, -0.007668972015380859, 0.042501527816057205, -0.01412185002118349, -0.017766691744327545, 0.04114478826522827, -0.01547374576330185, -0.03362521901726723, 5.677385343005881e-05, -0.06488234549760818, 0.008741043508052826, -0.020191064104437828, 0.003563559614121914, 0.039529282599687576, -0.016128189861774445, -0.016507325693964958, -0.0015971572138369083, 0.005866482853889465, -0.0027421931736171246, 0.09586906433105469, 0.01751219667494297, 0.010126245208084583, -0.002435015281662345, 1.964479224625393e-06, -0.03392694517970085, -0.01102056447416544, 0.02993110567331314, -0.027132416144013405, 0.03837190940976143, 0.03744228556752205, 0.07848424464464188, 0.05134718865156174, -0.00022783274471294135, 0.00023175824026111513, 0.059225693345069885, -0.03264090046286583, 0.08345098793506622, -0.012246600352227688, 0.027027545496821404, -0.008105241693556309, -0.04859577864408493, -0.12258529663085938, -0.011751399375498295, 0.009605675004422665, -0.03961927816271782, -0.015779146924614906, -0.047296322882175446, 0.03502768278121948, 0.003476799000054598, -0.028448650613427162, -0.0393655002117157, 0.01364719495177269, -0.016922492533922195, 0.0012258694041520357, -0.01735876314342022, -0.04255427420139313, -0.005590767599642277, 0.0011495980434119701, -0.0027262645307928324, 0.056351009756326675, -0.0025984388776123524, 0.00183179322630167, 0.0516970157623291, 0.01172883715480566, -0.12380030751228333, 0.03663763403892517, -0.0803118348121643, 0.028957055881619453, 0.031587302684783936, 0.021847805008292198, 0.10374167561531067, -0.0036065313033759594, 0.030287884175777435, 0.0056214043870568275, -0.03226687014102936, -0.005556405987590551, -0.04782731086015701, -0.04241364076733589, -0.0011427787831053138, -0.014008641242980957, -0.009739764966070652, 0.006743437610566616, -0.00746877258643508, -0.03038065880537033, -0.03268973529338837, 0.04259869083762169, 0.01096783485263586, 0.029898464679718018, -0.06713837385177612, -0.04843733459711075, 0.028947366401553154, 0.008850138634443283, -0.022621415555477142, -0.04771129786968231, -0.014565671794116497, 0.0008271960541605949, -0.07586792856454849, -0.024162186309695244, 0.023378780111670494, 7.036125225567957e-06, 0.00010186088911723346, -0.05853867530822754, 0.008481312543153763, 0.018085571005940437, -0.002892903285101056, -0.04034847021102905, -0.037229277193546295, -0.023598741739988327, 0.045050568878650665, 0.0579121857881546, 0.02070426754653454, 0.010511782951653004, 0.025225326418876648, -0.07299720495939255, -0.010411263443529606, -0.025012735277414322, -0.0053523811511695385, 0.012366393581032753, 0.07250391691923141, 0.007362816017121077, -0.008456355892121792, 0.015306808054447174, 0.024189332500100136, -0.051789261400699615, 0.08159318566322327, -0.02044375240802765, 0.023021597415208817, -0.01824077218770981, -0.02953219786286354, -0.008432191796600819, -0.048237044364213943, -0.061061155050992966, 0.0001888458791654557, -0.03938587009906769, 0.031137170270085335, -0.0152063500136137, 0.025186235085129738, -0.03749276325106621, -0.010204033926129341, 0.017745282500982285, -0.022836416959762573, 0.018288765102624893, 0.0008512637577950954, 0.0009048504289239645, 0.07187482714653015, 0.04540237784385681, -0.027244137600064278, 0.0059550488367676735, -0.03855057805776596, 0.05201810225844383, -0.060244493186473846, 0.035173214972019196, 0.007606872823089361, 0.0148091409355402, 0.0033274097368121147, 0.02232005074620247, 0.015320581384003162, -0.06044512242078781, -0.0011188584612682462, 0.008763433434069157, -0.011218844912946224, 0.007479378022253513, 0.030016228556632996, -0.003790653310716152, -0.06565245985984802, -0.004038543440401554, -0.03154386579990387, -0.030187344178557396, -0.0511690154671669, -0.027220118790864944, -0.07264833152294159, -0.003236911492422223, 0.0022563175298273563, 0.10247538238763809, 0.026700416579842567, 0.10125842690467834, 0.05949427932500839, 0.05953545123338699, -0.03289007022976875, -0.0010983936954289675, -0.008800393901765347, -0.0029208986088633537, 0.024837156757712364, 0.0002591735974419862, -0.0344223752617836, -0.034264031797647476, -0.016619237139821053, 0.012255286797881126, -0.017778275534510612, -0.052406106144189835, -0.03880105912685394, 0.022791072726249695, 0.07498519122600555, -0.02513873390853405, 0.03643624857068062, 0.011847027577459812, -0.02398849092423916, -0.02424931712448597, -0.0049596428871154785, 0.07431795448064804, 0.014886217191815376, 0.019517414271831512, 0.012294414453208447, -0.019745945930480957, 0.04617815092206001, 0.038856297731399536, -0.02160932682454586, -0.01940319314599037, 0.051918771117925644, 0.022594474256038666, -0.03331959620118141, -0.057597655802965164, -0.016705423593521118, 0.006977953482419252, 0.011934767477214336, 0.02028868906199932, 0.03900828957557678, 0.03485686704516411, 0.008344249799847603, 0.009494238533079624, 0.00019178543880116194, -0.04844420775771141, -0.02721673808991909, -0.007683381903916597, 0.01808093674480915, -0.01660969667136669, 0.06403414160013199, -0.025077348574995995, 0.029192617163062096, -0.04751603305339813, 0.049927759915590286, 0.047611843794584274, -0.03998531028628349, 0.012640105560421944, 0.05929025635123253, 0.012850017286837101, 0.01800716668367386, 0.040105778723955154, 0.0028815362602472305, 0.04806035757064819, -0.02779284678399563, -0.007583150174468756, 0.0072171385399997234, 0.003076131921261549, -0.077830009162426, -0.008864116854965687, 0.05963907390832901, -0.026581643149256706, -0.0190128106623888, 0.08679469674825668, -0.032945435494184494, -0.003900800831615925, -0.004547502379864454, 0.001719708670862019, -0.038535162806510925, 0.02033635973930359, -0.00809660367667675, -0.006213292945176363, -0.014394110068678856, 0.009180600754916668, 0.004564948379993439, -0.0015568466624245048, 0.013576815836131573, -0.04516921564936638, 0.007287520915269852, 0.05877838283777237, 0.03582612797617912, -0.04248378798365593, 0.03187144175171852, 0.00999078992754221, -0.1055956482887268, -0.0594501793384552, 0.01586959883570671, -0.013643007725477219, -0.007795748766511679, 0.0016821030294522643, -0.015439899638295174, -0.009552250616252422, 0.010706545785069466, -0.05748649314045906, -0.026290936395525932, 0.0008581788861192763, -0.09016800671815872, -0.026655009016394615, -0.00937088392674923, -0.041906945407390594, -0.0006290007149800658, 0.046863261610269547, -0.0008026699651964009, -0.005933735053986311, -0.01865391992032528, 0.006856820546090603, -0.021344145759940147, -0.08629167824983597, 0.03585753217339516, 0.03958764672279358, 0.011318745091557503, -0.046592533588409424, 0.056105975061655045, 0.013497023843228817, 0.004047226160764694, -0.04881703108549118, -0.007746010087430477, 0.015778638422489166, 0.006533121690154076, 0.017213458195328712, 0.010457524098455906, 0.008370842784643173, 0.06795993447303772, 0.0552307665348053, -0.012936965562403202, -0.008207671344280243, -0.0316215381026268, 0.03954962268471718, -0.02976062335073948, -0.04065532237291336, 0.007380478549748659, -0.0075947800651192665, -0.03225147724151611, 0.011932685039937496, -0.042180031538009644, -0.006607548333704472, 0.06358350068330765, 0.01779678650200367, 0.013338460586965084, -0.0029757774900645018, -0.025076918303966522, 0.05814143642783165, -0.005249520763754845, -0.028126120567321777, -0.045623134821653366, 0.025439489632844925, 0.019430989399552345, -0.0076696602627635, -0.02574351243674755, -0.01877635531127453, -0.008316964842379093, -0.03257090598344803, -0.01024591363966465, -0.04826285317540169, 0.028677048161625862, -0.02580752782523632, -0.02124899812042713, -0.027225738391280174, -0.03343063220381737, -0.018666842952370644, 0.07760634273290634, 0.046762943267822266, 0.0005563224549405277, 0.022252485156059265, -0.022849125787615776, -0.042954716831445694, 0.03512023761868477, 0.06756050139665604, 0.030753029510378838, -0.0062422677874565125, -0.03379731625318527, -0.009929138235747814, 0.02529146336019039, -0.030459260568022728, -0.02299565076828003, -0.026425044983625412, 0.03952673450112343, -0.006541051436215639, -0.033046428114175797, 0.0374574176967144, -0.02088245004415512, 0.010506521910429, -0.006325356662273407, -0.008791370317339897, -0.022112708538770676, 0.03621343895792961, 0.00617389427497983, -0.017179813235998154, -0.02044999785721302, 0.0077298725955188274, 0.026637354865670204, 0.056495632976293564, -0.015682032331824303, -0.023331407457590103, -0.05838346108794212, -0.0453355573117733, 0.0029138147365301847, -0.022808391600847244, 0.013778877444565296, 0.05108640715479851, 0.025886472314596176, 0.014625891111791134, 0.04908359423279762, 0.002663198160007596, -0.02302771806716919, -0.042131662368774414, 0.03278518095612526, 0.014743462204933167, -0.014015396125614643, -0.03993120789527893, -0.011913655325770378, -0.001171892392449081, 0.020112767815589905, 0.039146680384874344, 0.005724440328776836, -0.013062306679785252, -0.003838571486994624, 0.030997635796666145, -0.047850579023361206, -0.028033610433340073, -0.013911185786128044, 0.052339643239974976, -0.03183688223361969, 0.0432729572057724, 0.024683501571416855, -0.01913497969508171, -0.0044447630643844604, 0.008259657770395279, -0.024549029767513275, -0.0004579982487484813, 0.027122963219881058, 0.021790320053696632, -0.04849681258201599, -0.007807769346982241, -0.0606364831328392, 0.011169214732944965, -0.06143021583557129, -0.06070134416222572, 0.01017692219465971, 0.10667380690574646, 0.01627156138420105, -0.021017178893089294, 0.04800654202699661, -0.017082342877984047, -0.026481008157134056, 0.052073124796152115, -0.032857850193977356, 0.051274623721838, -0.11939273029565811, 0.04293577000498772, 0.02771673910319805, -0.004736223258078098, 0.009441004134714603, 0.027257010340690613, -0.1135869100689888, 0.05156312137842178, -0.025772441178560257, 0.0785379409790039, -0.04317453131079674, -0.03888704255223274, -0.03270340338349342, 0.004936744924634695, 0.037042371928691864, 0.0053214156068861485, 0.034747835248708725, -0.012681395746767521, 0.027840185910463333, 0.04144074767827988, -0.0053709023632109165, -0.03233344852924347, 0.024171939119696617, 0.03582585230469704, -0.027477988973259926, -0.005511593073606491, -0.019424643367528915, -0.0015675009926781058, 0.01973058469593525, -0.012852293439209461, -0.007601055782288313, -0.029195325449109077, 0.011615517549216747, -0.031148288398981094, -0.02847537398338318, 0.050335269421339035, -0.020854569971561432, -0.010548827238380909, -0.06194349005818367, -0.004721508361399174, 0.01063930056989193, -0.03660425543785095, 0.007464712951332331, 0.04532730579376221, -0.050964511930942535, -0.0039297170005738735, 0.04378138482570648, -0.00276762037537992, -0.022265726700425148, 0.03504909574985504, -0.09031834453344345, 0.0008004435221664608, 0.06742394715547562, 0.04099452123045921, -0.12768080830574036, 0.02944314293563366, 0.05532407760620117, 0.011262909509241581, -0.07640819251537323, 0.025216633453965187, -0.024706261232495308, -0.022794246673583984, 0.045867424458265305, 0.03445034101605415, 0.07826913148164749, -0.023215895518660545, 0.0017855522455647588, 0.03740642964839935, 0.07512003183364868, 0.029476933181285858, -0.019076472148299217, -0.03771354258060455, -0.0421142503619194, -0.013733744621276855, 0.001426150556653738, 0.01134929247200489, 0.029887966811656952, -0.0060300338082015514, -0.003919230308383703, 0.04286959767341614, 0.05281523987650871, -0.028022008016705513, -0.02161850780248642, 0.04967721551656723, 0.08213102072477341, -0.013834728859364986, -0.012573343701660633, 0.03860124200582504, 0.02259841188788414, -0.04266241192817688, 0.09466886520385742, 0.07790599018335342, -0.04347968101501465, 0.011501911096274853, -0.010294514708220959, 0.007257104851305485, 0.005619673058390617, -0.023304512724280357, 0.016016339883208275, -0.007582655642181635, -0.024099932983517647, -0.014269629493355751, 0.02616335265338421, 0.022291036322712898, -0.002384302206337452, 0.027894262224435806, -0.08273890614509583, -0.056383974850177765, 0.01765083335340023, 0.039883092045784, -5.706365327037807e-33, -0.03216220438480377, -0.07873095571994781, 0.004632929340004921, 0.05962398275732994, -0.05042475089430809, 0.038664136081933975, 0.002783401170745492, -0.006825188174843788, -0.02014658972620964, -0.016058865934610367, 0.042887501418590546, -0.020290616899728775, 0.0002461703843437135, -0.004210858605802059, 0.0455753393471241, -0.02002483420073986, -0.011298633180558681, 0.015000193379819393, -0.02664506807923317, -0.02425740472972393, 0.017499184235930443, -0.03480791673064232, -0.03378664702177048, -0.008066704496741295, -0.006582475733011961, -0.05791425332427025, -0.0464315339922905, 0.0017543155699968338, 0.021115770563483238, 0.009582706727087498, -0.015271373093128204, 0.007621134631335735, -0.02623019926249981, 0.002817721338942647, 0.029474643990397453, -0.020813098177313805, 0.02851841226220131, -0.017206275835633278, 0.02092651091516018, 0.05217033624649048, 0.05765051394701004, -0.03873790428042412, 0.0020102597773075104, 0.018720515072345734, 0.02453373558819294, -0.02193843200802803, -0.00189479801338166, -0.008990149013698101, -0.0012001845752820373, -0.006162285804748535, -0.05564698949456215, -0.008826501667499542, -0.04055328667163849, -0.008734237402677536, -0.008800996467471123, 0.016762636601924896, -0.016222093254327774, 0.033732444047927856, 0.03890489041805267, -0.0008684305939823389, -0.001162804663181305, 0.010280189104378223, -0.021963952109217644, -0.02711559645831585, 0.020977020263671875, -0.03551580011844635, 0.012035278603434563, 0.018998142331838608, -0.03810937702655792, -0.006990788038820028, 0.053183481097221375, -0.005985984578728676, -0.003451388096436858, 0.010750445537269115, -0.060134001076221466, -0.03792578727006912, -0.015229328535497189, -0.01962687261402607, 0.05496467649936676, -0.022000012919306755, -0.004051349591463804, 0.010921336710453033, -0.015045346692204475, 0.009853165596723557, -0.011079946532845497, 0.020092787221074104, 0.020320026203989983, -0.0031317896209657192, 0.009396722540259361, 0.013319255784153938, 0.05617036297917366, 0.03196616470813751, 0.04373667761683464, 0.047760143876075745, -0.0016272396314889193, -0.043857794255018234, 0.005701467860490084, -0.00399711774662137, -0.021470632404088974, 0.002870461903512478, 0.0014316766755655408, 0.0684468224644661, -0.05866370350122452, -0.01779903657734394, 0.013044272549450397, -0.016997219994664192, -0.005127000156790018, -0.004710817709565163, -0.011828475631773472, 0.04769175499677658, 0.04850433021783829, -0.038779158145189285, 0.07188643515110016, -0.02457185834646225, -0.018561476841568947, -0.01030050776898861, 0.012516239657998085, 0.03949194401502609, -0.02469901740550995, 0.006618046201765537, 0.019388137385249138, 0.01970420964062214, 0.015181861817836761, 0.010739771649241447, -0.01878182403743267, -0.021793922409415245, -0.02705661952495575, 0.026963146403431892, -0.029489068314433098, -0.0649145245552063, 0.046426575630903244, -0.026486828923225403, 2.5880703447000997e-07, -0.044312816113233566, 0.041698988527059555, -0.0169716514647007, -0.012521355412900448, 0.05907290801405907, -0.014558618888258934, -0.012659919448196888, -0.032217055559158325, -0.02869223803281784, 0.08368157595396042, 0.0620102621614933, -0.04038381204009056, -0.03358478844165802, 0.0030156474094837904, 0.03804381191730499, -0.03394016996026039, -0.016363760456442833, -0.05586522817611694, 0.003320161020383239, 0.026213180273771286, 0.09147888422012329, 0.0634993463754654, -0.03358655422925949, 0.006131238769739866, 0.000648826127871871, -0.04875833913683891, 0.0013672165805473924, -0.08597339689731598, -0.0612795427441597, -0.01593032479286194, 0.029196184128522873, 0.04018218442797661, 0.03015723265707493, -0.037783216685056686, 0.0065114726312458515, -0.0338810458779335, 0.05917005613446236, 0.011092540808022022, 0.03652497008442879, 0.005314304493367672, -0.02939404919743538, -0.03254304081201553, 0.04477289319038391, -0.06063980236649513, 0.029345544055104256, -0.016786199063062668, -0.049217015504837036, 0.03867112472653389, -0.04461211338639259, -0.005461974069476128, 0.0286998450756073, 0.04726159945130348, 0.0013066079700365663, 0.023804932832717896, -0.025423351675271988, 0.053507376462221146, 0.04143017902970314, -0.023873401805758476, -0.0028331868816167116, 0.0784059539437294, -0.022498834878206253, 0.001975640654563904, 0.01591598056256771, -0.003074037376791239, 0.08743186295032501, 0.047111816704273224, -0.03454498574137688, 2.0954727343855325e-34, 0.03479786962270737, -0.033940527588129044, 0.031146984547376633, -0.01622912287712097, 0.002046022331342101, -0.04313007369637489, -0.009414669126272202, -0.009755666367709637, 0.04244663193821907, -0.01366537343710661, -0.04420991986989975], 'feedback_ID': 'F_2651', 'arrival_delay_minutes': 620, 'actual_flown_miles': 8440, 'food_satisfaction_score': 4}, 'a': {'station_code': 'SIX'}}

   Result 3:
   {'f': {'flight_number': '74', 'fleet_type_description': 'B787-8'}, 'j': {'passenger_class': 'Economy', 'number_of_legs': 2, 'embedding_minilm': [0.053784869611263275, 0.00901827123016119, -0.023654157295823097, 0.06128416210412979, 0.05874646455049515, 0.016748348250985146, -0.05826229974627495, -0.038353081792593, -0.032473091036081314, 0.014920225366950035, 0.04856949299573898, 0.04566941037774086, -0.085558220744133, -0.05732084810733795, 0.001444317982532084, -0.05286930128931999, 0.0450996570289135, -0.13666290044784546, -0.13217748701572418, -0.026425529271364212, 0.08956589549779892, -0.017379462718963623, 0.01656663604080677, 0.10907916724681854, -0.04594581946730614, -0.032689884305000305, 0.06647005677223206, 0.020059872418642044, -0.03190654516220093, -0.10105017572641373, -0.07374382019042969, 0.03733346611261368, 0.00820236373692751, 0.07792676240205765, -0.024511896073818207, 0.04905576631426811, 0.09338467568159103, -0.03144698590040207, 0.01678157038986683, -0.043783918023109436, 0.0502585768699646, -0.03842553868889809, 0.030257225036621094, 0.07405486702919006, 0.015863342210650444, -0.059495773166418076, -0.01694449409842491, -0.050751350820064545, 0.08651313185691833, -0.004297255538403988, -0.043681804090738297, 0.023407459259033203, -0.0403817854821682, -0.06471177190542221, 0.019970007240772247, 0.050686314702034, -0.012527761049568653, 0.03941074386239052, -0.10016298294067383, 0.02178945019841194, -0.034751974046230316, -0.054656825959682465, 0.03157573193311691, -0.018944237381219864, -0.07322852313518524, -0.019161783158779144, -0.05280635133385658, -0.02522486075758934, 0.0020489783491939306, 0.027167532593011856, -0.0441281795501709, -0.02207021415233612, -0.08366964757442474, 0.09918522089719772, -0.012583320029079914, 0.00844447873532772, 0.10018496960401535, -0.014474666677415371, -0.03555475175380707, -0.02505565620958805, 0.04804464057087898, -0.0505361445248127, -0.009559913538396358, -0.005373829510062933, 0.05754774436354637, -0.07850946485996246, 0.0513576976954937, -0.003063061973080039, -0.061258263885974884, -0.036351919174194336, 0.017756374552845955, -0.050691958516836166, 0.029644764959812164, -0.04593316838145256, -0.05694925785064697, 0.026833266019821167, -0.020900968462228775, -0.036447860300540924, 0.0337403304874897, 0.024516470730304718, -0.006917910184711218, 0.05594529211521149, -0.0025140601210296154, 0.08879651129245758, -0.05667858198285103, 0.0022114247549325228, 0.043671708554029465, 0.08022469282150269, 0.005358910653740168, 0.0009719139197841287, -0.04870834946632385, -0.0249481238424778, -0.02378028631210327, -0.005398404784500599, -0.0742638111114502, 0.06633166968822479, 0.013654317706823349, -0.07522004097700119, 0.039278484880924225, -0.006007237825542688, -0.008072112686932087, 0.04008154571056366, 0.0572265088558197, -0.012381169945001602, -0.06031329929828644, -0.04079924151301384, 0.039275750517845154, 3.1374789110011507e-34, -0.10033881664276123, -0.027048533782362938, -0.07620479166507721, 0.01508755050599575, -0.04656549170613289, 0.0229645986109972, -0.07367061078548431, 0.03248612582683563, -0.023923145607113838, 0.07351318746805191, -0.056143566966056824, -0.025057664141058922, 0.09360554814338684, 0.027745144441723824, 0.08326910436153412, 0.011023079976439476, -0.06742823868989944, 0.01775320991873741, 0.04075438529253006, 0.03853532299399376, 0.016403427347540855, -0.1083860918879509, 0.052750229835510254, -0.015961626544594765, 0.0694931223988533, 0.01481295470148325, 0.005398820154368877, -0.021290194243192673, 0.08618862181901932, 0.028378348797559738, 0.0014830860309302807, 0.044919103384017944, -0.03497174382209778, -0.07630889117717743, -0.0370602086186409, -0.023695001378655434, 0.04423053562641144, 0.01007535494863987, 0.012175247073173523, -0.031058205291628838, -0.10137908160686493, -0.017069324851036072, -0.03776485472917557, 0.04065195098519325, -0.05870728939771652, 0.04423009976744652, 0.031203746795654297, 0.040542230010032654, -0.01145799271762371, 0.0966399684548378, -0.13274231553077698, -0.013562826439738274, 0.0087510971352458, -0.07976241409778595, -0.009668762795627117, -0.0382150262594223, 0.08438222855329514, 0.05671373009681702, -0.04772157222032547, 0.01010663341730833, 0.023739900439977646, -0.003707512514665723, -0.016193101182579994, -0.0007304674363695085, 0.009399669244885445, 0.06856267154216766, -0.061097364872694016, -0.013744319789111614, 0.036381110548973083, -0.04973774775862694, 0.09277335554361343, -0.03737884759902954, 0.04641992971301079, -0.005301556084305048, 0.07431985437870026, -0.0393223874270916, -0.015440319664776325, -0.01904066652059555, 0.02337060123682022, 0.01851280778646469, 0.006259058602154255, -0.006941085681319237, 0.04730994999408722, -0.037156522274017334, -0.032396670430898666, 0.015877768397331238, 0.04282251000404358, -0.05972876772284508, 0.03137078881263733, 0.06352965533733368, -0.10594301670789719, 0.011206090450286865, -0.0019885452929884195, 0.039324626326560974, -0.003343870397657156, -2.2220970317738574e-33, 0.10346270352602005, 0.03147081285715103, -0.07148373872041702, 0.07424353063106537, 0.025473300367593765, 0.009879548102617264, -0.05390745401382446, 0.17209944128990173, -0.07193265855312347, 0.056113891303539276, -0.012205900624394417, -0.0294408667832613, 0.04565584287047386, -0.011540032923221588, 0.014651636593043804, -0.03192984685301781, 0.0633278638124466, -0.07567891478538513, 0.0528833381831646, 0.038664981722831726, 0.0948236733675003, -0.030484357848763466, -0.028414485976099968, -0.03790774941444397, -0.03224601596593857, 0.04722702503204346, -0.041302185505628586, 0.033821482211351395, -0.10534143447875977, -0.007584893610328436, -0.0006465064361691475, 0.0318438820540905, 0.05173000320792198, 0.0015143619384616613, -0.08826728165149689, 0.12814655900001526, 0.008188444189727306, 0.04117751121520996, -0.024328000843524933, 0.07113070785999298, 0.03479781374335289, -0.06385831534862518, -0.020186401903629303, -0.03957676142454147, 0.024637142196297646, -0.02544356696307659, -0.005990962032228708, -0.02990063652396202, -0.004304606467485428, 0.03614477813243866, 0.031070277094841003, 0.017285756766796112, -0.031938206404447556, 0.0589953288435936, 0.06034652888774872, -0.01195000484585762, -0.021040892228484154, -0.06704821437597275, -0.06444352120161057, 0.002759257098659873, -0.04383141174912453, -0.008582908660173416, 0.059131279587745667, 0.03928953409194946, 0.058846019208431244, -0.0483878031373024, 0.09209851175546646, -0.02032100409269333, 0.05134628340601921, 0.021309593692421913, -0.01245792768895626, 0.024285750463604927, -0.04853489249944687, 0.1246258020401001, -0.03459269925951958, 0.020220905542373657, -0.004107215907424688, 0.08639965951442719, 0.05561012402176857, 0.05440255254507065, 0.005939944181591272, -0.07630930095911026, -0.009609264321625233, -0.02210127003490925, -0.019796734675765038, 0.01538065541535616, 0.05226558819413185, 0.03579915687441826, 0.02146071381866932, 0.013380668126046658, 0.07406102120876312, 0.06077732518315315, 0.0068353936076164246, -0.04329635575413704, -0.015869107097387314, -3.6752787480054394e-08, 0.04512292891740799, -0.004954650532454252, 0.03217003121972084, 0.033589232712984085, -0.014436363242566586, -0.02536916919052601, -0.005753147415816784, 0.0064484728500247, 0.00026254355907440186, 0.07021705061197281, -0.00485555874183774, 0.024713672697544098, 0.01603107899427414, 0.024590151384472847, -0.027939526364207268, -0.02565114013850689, -0.08472947031259537, 0.06451406329870224, -0.014625766314566135, -0.001512235845439136, 0.01211455836892128, 0.0011774069862440228, -0.02678462117910385, -0.0654170885682106, -0.013694560155272484, -0.022177014499902725, -0.03531715273857117, -0.022378521040081978, 0.06099475547671318, -0.07270202785730362, -0.11847478151321411, 0.10916486382484436, -0.09082948416471481, -0.059034235775470734, -0.010275551117956638, -0.041064780205488205, 0.012938639149069786, 0.006742734462022781, -0.03104258142411709, 0.07494529336690903, -0.043490923941135406, -0.07316816598176956, -0.0918845683336258, -0.025630585849285126, 0.14868225157260895, -0.034835368394851685, -0.06419406086206436, -0.06125648692250252, -0.03237568959593773, 0.05920048803091049, 0.002500641392543912, 0.05148020014166832, -0.07380180805921555, 0.02072831615805626, 0.010074816644191742, -0.02735283598303795, -0.055368050932884216, -0.04946679249405861, -0.006917915772646666, 0.031232986599206924, 0.011439811438322067, -0.07127875089645386, -0.13242974877357483, 0.021321041509509087], 'embedding_mpnet': [-0.005555984564125538, 0.03465955704450607, 0.013072946108877659, 0.054288074374198914, -0.03615879639983177, -0.00381069746799767, -0.06395432353019714, -0.010303872637450695, -0.06691572070121765, -0.0006381534039974213, 0.04021647199988365, -0.008197045885026455, -0.0036517258267849684, 0.04539763182401657, -0.011812038719654083, -0.0184529609978199, 0.03956471383571625, -0.016718998551368713, -0.04435514658689499, 0.002910638228058815, -0.06800103932619095, 0.009558617137372494, -0.022345872595906258, 0.003325573867186904, 0.043401069939136505, -0.015481212176382542, -0.01645522192120552, -0.0064094169065356255, 0.0018953459803014994, -0.003652264829725027, 0.09547020494937897, 0.019025452435016632, 0.009502490051090717, -0.007655341178178787, 1.9155547761329217e-06, -0.031242627650499344, -0.004567137453705072, 0.029615337029099464, -0.031031319871544838, 0.02935735322535038, 0.03547893092036247, 0.07953626662492752, 0.04457438737154007, 0.001385191222652793, -3.164490044582635e-05, 0.05405263602733612, -0.03302459418773651, 0.07877407968044281, -0.0193591620773077, 0.026971159502863884, -0.006643000058829784, -0.05596761777997017, -0.12028143554925919, -0.012074845843017101, 0.008825112134218216, -0.032340265810489655, -0.01679161749780178, -0.0473916195333004, 0.02557128481566906, 0.01024275179952383, -0.02328229509294033, -0.03593149036169052, 0.015760546550154686, -0.023263193666934967, -0.0007816049037501216, -0.01991252601146698, -0.04344166815280914, -0.0035923290997743607, 0.004199468530714512, -0.005101518705487251, 0.0672234371304512, -0.006555106025189161, 0.0004926465917378664, 0.06058676540851593, 0.011412554420530796, -0.12350831925868988, 0.0342491939663887, -0.07582990825176239, 0.028061239048838615, 0.032526325434446335, 0.02042294666171074, 0.10294114798307419, -0.0059417798183858395, 0.03005918115377426, 0.010676449164748192, -0.0283835306763649, -0.007283561397343874, -0.04279818385839462, -0.04297903925180435, -0.0017671692185103893, -0.014112509787082672, -0.006399357225745916, 0.0009269268484786153, 0.00176636828109622, -0.022479332983493805, -0.038119494915008545, 0.03773877024650574, 0.011316713877022266, 0.035486139357089996, -0.06746476143598557, -0.0464586466550827, 0.022943349555134773, 0.01356817688792944, -0.017236880958080292, -0.04388108476996422, -0.012019908986985683, 0.00746900262311101, -0.0759415328502655, -0.027734652161598206, 0.017121056094765663, 0.004048099275678396, -0.004484756849706173, -0.06442731618881226, 0.010082272812724113, 0.019368112087249756, -0.0012378989486023784, -0.035390131175518036, -0.04295029491186142, -0.012685115449130535, 0.04959878325462341, 0.05341072008013725, 0.019264068454504013, 0.00812479667365551, 0.019102957099676132, -0.0736849457025528, -0.013699731789529324, -0.029038509353995323, -0.014172251336276531, 0.013562878593802452, 0.07001273334026337, 0.007051046937704086, -0.0072008459828794, 0.009993357583880424, 0.02428165078163147, -0.04816430062055588, 0.07932917028665543, -0.022367635741829872, 0.026662420481443405, -0.013413061387836933, -0.027218105271458626, -0.0012021675938740373, -0.05113517493009567, -0.05857885628938675, -0.0030720613431185484, -0.04091509431600571, 0.033577725291252136, -0.013631475158035755, 0.021387718617916107, -0.03658050671219826, -0.012542221695184708, 0.02443741261959076, -0.02879892848432064, 0.015960603952407837, 0.005277277901768684, 0.0033194615971297026, 0.07307539880275726, 0.043532487004995346, -0.022991281002759933, 0.007003930397331715, -0.04351754114031792, 0.04801275208592415, -0.061925821006298065, 0.031509846448898315, 0.007654471322894096, 0.016624171286821365, 0.0010049509583041072, 0.015571197494864464, 0.012797325849533081, -0.0511426106095314, -0.003948858939111233, 0.009506677277386189, -0.013273850083351135, 0.00689318124204874, 0.029746970161795616, -0.0038823015056550503, -0.06091134622693062, -0.0005344332312233746, -0.036116696894168854, -0.028689900413155556, -0.04436921700835228, -0.023011405020952225, -0.08117050677537918, -0.005231039132922888, 0.005131022538989782, 0.10986717790365219, 0.029292160645127296, 0.10168316960334778, 0.056993018835783005, 0.05883989483118057, -0.03660941123962402, -0.0037248230073601007, -0.006024735514074564, -0.0016481264028698206, 0.014275254681706429, -0.0006200542557053268, -0.03087507002055645, -0.027831166982650757, -0.01435556635260582, 0.009983189404010773, -0.008904548361897469, -0.052153389900922775, -0.03176881745457649, 0.024175452068448067, 0.0661105364561081, -0.02202017977833748, 0.045008763670921326, 0.014344966039061546, -0.024610992521047592, -0.026197006925940514, -0.0018783841514959931, 0.0749686136841774, 0.009981692768633366, 0.018597295507788658, 0.015498963184654713, -0.014383603818714619, 0.04330667853355408, 0.037197887897491455, -0.02705921232700348, -0.021130559965968132, 0.057970691472291946, 0.022367902100086212, -0.035673804581165314, -0.054461777210235596, -0.013676046393811703, 0.008024947717785835, 0.005539114121347666, 0.017436815425753593, 0.03940323740243912, 0.031576044857501984, 0.012417051009833813, 0.00905863381922245, -0.0012448416091501713, -0.04809868708252907, -0.02905195765197277, -0.000681063742376864, 0.02404937334358692, -0.014631438069045544, 0.06616087257862091, -0.023612799122929573, 0.02502853237092495, -0.045216117054224014, 0.052138689905405045, 0.05178776755928993, -0.02988305874168873, 0.010531924664974213, 0.06640949100255966, 0.017375176772475243, 0.016534995287656784, 0.04679405689239502, 0.002944817068055272, 0.04635258764028549, -0.02359246276319027, -0.013135201297700405, 0.006016910076141357, 0.008867009542882442, -0.07731429487466812, -0.012303835712373257, 0.06785792112350464, -0.025626184418797493, -0.020437534898519516, 0.07772880792617798, -0.03844648227095604, -0.003526675747707486, -0.0068685743026435375, 0.0031304380390793085, -0.041117601096630096, 0.027635185047984123, -0.004684345331043005, -0.00541238859295845, -0.018315907567739487, 0.019454265013337135, 0.007012609858065844, -0.0062412298284471035, 0.0146764125674963, -0.044036585837602615, 0.002857761224731803, 0.04886852949857712, 0.026015205308794975, -0.03932590410113335, 0.035405233502388, 0.007200222462415695, -0.10103534907102585, -0.0595710389316082, 0.016835235059261322, -0.008951776660978794, -0.010942365974187851, 0.006015448831021786, -0.01326204277575016, -0.008364946581423283, 0.021442269906401634, -0.05761080980300903, -0.02649122290313244, 0.002181603107601404, -0.08988426625728607, -0.01953323930501938, -0.008970638737082481, -0.03958571329712868, 0.0038117540534585714, 0.049275316298007965, -0.0049674357287585735, -0.0034100129269063473, -0.0235045924782753, 0.005338289309293032, -0.026420699432492256, -0.09230808168649673, 0.03887813910841942, 0.03324834629893303, 0.014735061675310135, -0.04803437367081642, 0.059101831167936325, 0.005473535042256117, 0.009882240556180477, -0.047488532960414886, -0.0032904453109949827, 0.014966151677072048, 0.007750829216092825, 0.010180557146668434, 0.026156805455684662, 0.007782840635627508, 0.07103152573108673, 0.057487569749355316, -0.008479384705424309, -0.010840640403330326, -0.03326891362667084, 0.03577197343111038, -0.02426125295460224, -0.038222089409828186, 0.012289912439882755, -0.006513416767120361, -0.032791268080472946, 0.013344070874154568, -0.04569573327898979, -0.0018236917676404119, 0.06435472518205643, 0.013929063454270363, 0.01519621443003416, -0.0036403676494956017, -0.0325709693133831, 0.06073734909296036, -0.009309301152825356, -0.03804004192352295, -0.04371323809027672, 0.02132272534072399, 0.022513022646307945, -0.0065244026482105255, -0.021123357117176056, -0.024491649121046066, -0.012571205385029316, -0.03098173253238201, -0.009050102904438972, -0.05211756378412247, 0.029027121141552925, -0.02455167844891548, -0.020394328981637955, -0.02955634519457817, -0.03556988388299942, -0.012843761593103409, 0.0753721296787262, 0.037911053746938705, 0.0015916548436507583, 0.026943368837237358, -0.018592841923236847, -0.05105698108673096, 0.04129798710346222, 0.07571445405483246, 0.02658253163099289, -0.008923382498323917, -0.031117428094148636, -0.011484411545097828, 0.02736705169081688, -0.025926318019628525, -0.023368053138256073, -0.029777463525533676, 0.03878466784954071, -0.0033903128933161497, -0.03018067218363285, 0.03134215250611305, -0.02041027694940567, 0.01701083965599537, -0.002668022410944104, -0.01386340707540512, -0.01661754585802555, 0.03975282236933708, 0.008933411911129951, -0.012561388313770294, -0.02771802619099617, 0.009717262350022793, 0.02635781094431877, 0.05701102316379547, -0.016100585460662842, -0.018626516684889793, -0.05473683029413223, -0.045569151639938354, 0.004505414515733719, -0.021687712520360947, 0.010239140130579472, 0.0499664731323719, 0.03134527802467346, 0.012945576570928097, 0.05069798603653908, 0.0013750449288636446, -0.0254523903131485, -0.03788810968399048, 0.0315333753824234, 0.010326067917048931, -0.011635527946054935, -0.03859228640794754, -0.01163050439208746, 0.001591346226632595, 0.023719899356365204, 0.03238986060023308, 0.001540884142741561, -0.013130975887179375, -0.0023821035865694284, 0.03217446431517601, -0.042198918759822845, -0.02950468473136425, -0.01214463822543621, 0.051677580922842026, -0.0383119136095047, 0.04828540235757828, 0.024324527010321617, -0.01984875090420246, -0.002995797898620367, 0.015397475101053715, -0.024248242378234863, -0.0012224719393998384, 0.02042946219444275, 0.01611705869436264, -0.039550624787807465, -0.00906189251691103, -0.06813886761665344, 0.007445205468684435, -0.06121291220188141, -0.06563659012317657, 0.009634098038077354, 0.10058331489562988, 0.02258232794702053, -0.021943870931863785, 0.045407701283693314, -0.02492522820830345, -0.022148501127958298, 0.05522400140762329, -0.03911436349153519, 0.048357296735048294, -0.11904727667570114, 0.038364771753549576, 0.024091199040412903, -0.0011163823073729873, 0.008380241692066193, 0.033104829490184784, -0.1152380034327507, 0.04649278521537781, -0.01840095780789852, 0.07840744405984879, -0.04669293761253357, -0.039077725261449814, -0.03239060565829277, 0.0067265392281115055, 0.035834942013025284, 0.0033560546580702066, 0.03698445484042168, -0.012191170826554298, 0.020873406901955605, 0.0442020557820797, -0.007046371232718229, -0.029713688418269157, 0.022877711802721024, 0.039438385516405106, -0.021328210830688477, 0.00018017375259660184, -0.019445957615971565, -0.0037594442255795, 0.02227243036031723, -0.014827248640358448, -0.005984827410429716, -0.03485085070133209, 0.011113123968243599, -0.02487153187394142, -0.028650570660829544, 0.0545484684407711, -0.008653691038489342, -0.005253198556602001, -0.054789017885923386, -0.0015133618144318461, 0.010732333175837994, -0.03323416784405708, 0.005759155843406916, 0.04918605089187622, -0.04742922633886337, -0.009182669222354889, 0.040996089577674866, -0.008744961582124233, -0.019513731822371483, 0.032935746014118195, -0.09208904206752777, 0.001449054223485291, 0.05497954413294792, 0.04540316015481949, -0.12472324073314667, 0.0305264163762331, 0.05590091645717621, 0.010433727875351906, -0.07434215396642685, 0.03095606528222561, -0.016875218600034714, -0.019626135006546974, 0.043923456221818924, 0.0350332036614418, 0.08367768675088882, -0.018978608772158623, 0.0008195769041776657, 0.046306364238262177, 0.073358915746212, 0.02455087937414646, -0.021933255717158318, -0.037630531936883926, -0.041714612394571304, -0.014644361101090908, 0.0016432477859780192, 0.010544884018599987, 0.026535386219620705, -0.008153580129146576, -0.0070429518818855286, 0.03599454089999199, 0.053154945373535156, -0.030403731390833855, -0.02064669318497181, 0.05369366705417633, 0.07991661131381989, -0.02055307850241661, -0.020270636305212975, 0.03783833980560303, 0.027140134945511818, -0.04347832873463631, 0.10004769265651703, 0.08143038302659988, -0.041595980525016785, 0.01569504104554653, -0.015513421036303043, 0.010459828190505505, -0.006146784406155348, -0.021692544221878052, 0.01589047722518444, -0.0024980443995445967, -0.02081483229994774, -0.011454940773546696, 0.026163756847381592, 0.028683912009000778, 0.0009720142115838826, 0.027201183140277863, -0.08054152876138687, -0.05798862501978874, 0.019197246059775352, 0.033196594566106796, -5.7321071839528764e-33, -0.033810876309871674, -0.07410737872123718, 0.00820706132799387, 0.06304222345352173, -0.051711682230234146, 0.02748919650912285, 0.0008500986150465906, 0.0037426319904625416, -0.028682926669716835, -0.01721440814435482, 0.04068496450781822, -0.025664828717708588, 0.0007944107055664062, -0.005703963804990053, 0.04544327035546303, -0.0266678798943758, -0.014566520228981972, 0.014835909940302372, -0.03060879185795784, -0.024301335215568542, 0.01769852824509144, -0.03610075265169144, -0.035057902336120605, -0.0049882810562849045, -0.0025859202723950148, -0.07005929946899414, -0.04967693239450455, 0.005097008775919676, 0.024372663348913193, 0.009471583180129528, -0.017546016722917557, 0.008176010102033615, -0.025472942739725113, -0.0010024342918768525, 0.03139438480138779, -0.02951168641448021, 0.02463630959391594, -0.022873446345329285, 0.0209903996437788, 0.050137877464294434, 0.05988667905330658, -0.038425344973802567, 0.006817258428782225, 0.018250755965709686, 0.016124144196510315, -0.022379396483302116, -0.0025911994744092226, -0.013192819431424141, -0.004926423076540232, -0.003963314462453127, -0.05568843334913254, -0.010298524051904678, -0.03670341894030571, -0.01394985057413578, 0.00031853505061008036, 0.01975131593644619, -0.019786685705184937, 0.02613850310444832, 0.037756774574518204, 0.0059867543168365955, 0.005982942413538694, 0.019329778850078583, -0.022570019587874413, -0.035281840711832047, 0.024923719465732574, -0.04050623998045921, 0.01996258646249771, 0.00853650737553835, -0.039763715118169785, 0.0014456522185355425, 0.05680348724126816, -0.01710098423063755, -0.007876855321228504, 0.006535605061799288, -0.05898197367787361, -0.037621017545461655, -0.021493081003427505, -0.015612146817147732, 0.05636995658278465, -0.023796798661351204, -0.006128869950771332, 0.006115783471614122, -0.021972566843032837, 0.010112305171787739, -0.01571962796151638, 0.012169037945568562, 0.022182876244187355, -0.007984299212694168, 0.010088165290653706, 0.017987260594964027, 0.0598442405462265, 0.025589821860194206, 0.03885241970419884, 0.04618629813194275, -0.001807519467547536, -0.040683429688215256, 0.005481922999024391, -0.006229917984455824, -0.021011866629123688, 0.0015298508806154132, -0.0035563090350478888, 0.06825437396764755, -0.06055059656500816, -0.019097791984677315, 0.009150737896561623, -0.011006418615579605, -0.007953774183988571, -0.0027281735092401505, -0.019442638382315636, 0.04632412642240524, 0.0486927330493927, -0.036809682846069336, 0.07120276242494583, -0.020228786394000053, -0.025536535307765007, -0.011133621446788311, 0.01592206209897995, 0.0489402674138546, -0.026381053030490875, 0.009438769891858101, 0.01603798195719719, 0.022520212456583977, 0.017787698656320572, 0.009526630863547325, -0.02160297892987728, -0.021576816216111183, -0.024887194857001305, 0.027386270463466644, -0.033038776367902756, -0.05333007127046585, 0.04448719695210457, -0.02764664776623249, 2.5581735485502577e-07, -0.039766035974025726, 0.03848126158118248, -0.01734781078994274, -0.010606019757688046, 0.05816943198442459, -0.012358630076050758, -0.012464689090847969, -0.02609827183187008, -0.02541060745716095, 0.08213143050670624, 0.057137493044137955, -0.037918005138635635, -0.03463783487677574, 0.008319676853716373, 0.034581828862428665, -0.02275325171649456, -0.012835884466767311, -0.06197600066661835, 0.005116503685712814, 0.0271172933280468, 0.08629999309778214, 0.06299206614494324, -0.03783268481492996, 0.007691528648138046, -0.00026670339866541326, -0.04934919625520706, -0.001734964782372117, -0.0871206521987915, -0.06446230411529541, -0.01628820411860943, 0.03136876970529556, 0.046513840556144714, 0.03330434113740921, -0.04529881104826927, 0.009461605921387672, -0.031334713101387024, 0.05918772146105766, 0.014869886450469494, 0.032667409628629684, 0.012764261104166508, -0.03244546800851822, -0.03960996866226196, 0.04768120124936104, -0.06425473093986511, 0.032116662710905075, -0.02223568968474865, -0.05093148723244667, 0.03668203577399254, -0.044891998171806335, 0.0009162708884105086, 0.02247082255780697, 0.04688787832856178, -0.0035222223959863186, 0.018723372370004654, -0.025532424449920654, 0.05431288853287697, 0.041146986186504364, -0.019305717200040817, -0.0008875158382579684, 0.07146382331848145, -0.02180621773004532, -0.005804301239550114, 0.012118411250412464, 0.008936483412981033, 0.0839175432920456, 0.04953651875257492, -0.02738327719271183, 2.005240226812979e-34, 0.03465526923537254, -0.034969039261341095, 0.02917906828224659, -0.013413777574896812, 0.0014088471652939916, -0.04584077373147011, 0.0012500652810558677, -0.013050432316958904, 0.04382210224866867, -0.014032600447535515, -0.04325910657644272], 'feedback_ID': 'F_873', 'arrival_delay_minutes': 463, 'actual_flown_miles': 5904, 'food_satisfaction_score': 4}, 'a': {'station_code': 'IAX'}}

7. Formatted for LLM:
Found 20 result(s) for delay_analysis:

Result 1:
  f: flight_number=757, fleet_type_description=A320-200
  j: passenger_class=Economy, number_of_legs=2, embedding_minilm=[0.07186882942914963, 0.03561614826321602, -0.005347910802811384, 0.069585882127285, 0.038694191724061966, 0.04922129958868027, -0.03337721526622772, -0.02690417319536209, -0.0310827549546957, -0.0014581982977688313, 0.07162310183048248, 0.03059876337647438, -0.06632488965988159, -0.05466374382376671, -0.006230548955500126, -0.

   Total formatted length: 514324 characters

================================================================================
